Linux 3.10.0-862.14.4.el7.x86_64 (CentOS) 	04/12/18 	_x86_64_	(1 CPU)

10:55:19        CPU     %user     %nice   %system   %iowait    %steal     %idle
10:55:29        all      0,50      0,00      0,40      0,00      0,00     99,10
10:55:39        all      0,60      0,00      0,50      0,00      0,00     98,90
10:55:49        all      1,20      0,00      0,70      0,00      0,00     98,10
10:55:59        all     14,34      0,00      1,30      0,00      0,00     84,35
10:56:09        all     96,85      0,00      3,15      0,00      0,00      0,00
10:56:19        all     97,59      0,00      2,41      0,00      0,00      0,00
10:56:29        all     96,88      0,00      3,12      0,00      0,00      0,00
10:57:03        all     96,94      0,00      3,06      0,00      0,00      0,00
10:57:13        all     96,44      0,00      3,56      0,00      0,00      0,00
10:57:23        all     97,19      0,00      2,81      0,00      0,00      0,00
10:57:33        all     96,99      0,00      3,01      0,00      0,00      0,00
10:57:43        all     97,39      0,00      2,61      0,00      0,00      0,00
10:57:53        all     90,14      0,00      3,32      0,00      0,00      6,54
10:58:03        all     97,39      0,00      2,61      0,00      0,00      0,00
10:58:13        all     97,48      0,00      2,52      0,00      0,00      0,00
10:58:23        all     96,38      0,00      3,62      0,00      0,00      0,00
10:58:33        all     97,29      0,00      2,71      0,00      0,00      0,00
10:58:43        all     96,99      0,00      3,01      0,00      0,00      0,00
10:58:53        all     97,09      0,00      2,91      0,00      0,00      0,00
10:59:03        all     96,99      0,00      3,01      0,00      0,00      0,00
10:59:13        all     97,07      0,00      2,93      0,00      0,00      0,00
10:59:23        all     96,89      0,00      3,11      0,00      0,00      0,00
10:59:33        all     97,79      0,00      2,21      0,00      0,00      0,00
10:59:43        all     91,57      0,00      3,01      0,00      0,00      5,42
10:59:53        all     97,29      0,00      2,71      0,00      0,00      0,00
11:00:03        all     96,79      0,00      3,21      0,00      0,00      0,00
11:00:13        all     95,71      0,00      4,29      0,00      0,00      0,00
11:00:23        all     97,19      0,00      2,81      0,00      0,00      0,00
11:00:33        all     97,20      0,00      2,80      0,00      0,00      0,00
11:00:43        all     97,29      0,00      2,71      0,00      0,00      0,00
11:00:53        all     97,20      0,00      2,80      0,00      0,00      0,00
11:01:03        all     96,80      0,00      3,20      0,00      0,00      0,00
11:01:13        all     97,70      0,00      2,30      0,00      0,00      0,00
11:01:23        all     97,10      0,00      2,90      0,00      0,00      0,00
11:01:33        all     91,39      0,00      3,10      0,00      0,00      5,51
11:01:43        all     97,49      0,00      2,51      0,00      0,00      0,00
11:01:53        all     97,29      0,00      2,71      0,00      0,00      0,00
11:02:03        all     97,09      0,00      2,91      0,00      0,00      0,00
11:02:13        all     96,96      0,00      3,04      0,00      0,00      0,00
11:02:23        all     97,38      0,00      2,62      0,00      0,00      0,00
11:02:33        all     97,20      0,00      2,80      0,00      0,00      0,00
11:02:43        all     97,39      0,00      2,61      0,00      0,00      0,00
11:02:53        all     96,69      0,00      3,31      0,00      0,00      0,00
11:03:03        all     97,29      0,00      2,71      0,00      0,00      0,00
11:03:13        all     96,86      0,00      3,14      0,00      0,00      0,00
11:03:23        all     88,54      0,00      2,71      0,00      0,00      8,74
11:03:33        all     97,28      0,00      2,72      0,00      0,00      0,00
11:03:43        all     96,70      0,00      3,30      0,00      0,00      0,00
11:03:53        all     96,99      0,00      3,01      0,00      0,00      0,00
11:04:03        all     97,09      0,00      2,91      0,00      0,00      0,00
11:04:13        all     96,97      0,00      3,03      0,00      0,00      0,00
11:04:23        all     97,20      0,00      2,80      0,00      0,00      0,00
11:04:33        all     96,99      0,00      3,01      0,00      0,00      0,00
11:04:43        all     97,09      0,00      2,91      0,00      0,00      0,00
11:04:53        all     97,19      0,00      2,81      0,00      0,00      0,00
11:05:03        all     96,59      0,00      2,71      0,00      0,00      0,70
11:05:13        all     81,69      0,00      2,82      0,00      0,00     15,49
11:05:23        all     81,93      0,00      2,10      0,00      0,00     15,97
11:05:33        all     82,33      0,00      2,11      0,00      0,00     15,56
11:05:43        all     89,97      0,00      2,41      0,00      0,00      7,62
11:05:53        all     81,96      0,00      2,40      0,00      0,00     15,63
11:06:03        all     81,95      0,00      2,21      0,00      0,00     15,85
11:06:13        all     82,26      0,00      2,10      0,00      0,00     15,63
11:06:23        all     89,51      0,00      2,41      0,00      0,00      8,08
11:06:33        all     82,51      0,00      2,31      0,00      0,00     15,18
11:06:43        all     82,35      0,00      2,11      0,00      0,00     15,55
11:06:53        all     85,64      0,00      2,01      0,00      0,00     12,35
11:07:03        all     86,30      0,00      2,30      0,00      0,00     11,40
11:07:13        all     82,51      0,00      2,31      0,00      0,00     15,18
11:07:23        all     82,12      0,00      2,73      0,00      0,00     15,14
11:07:33        all     90,16      0,00      2,01      0,00      0,00      7,83
11:07:43        all     82,93      0,00      2,11      0,00      0,00     14,96
11:07:53        all     81,96      0,00      2,40      0,00      0,00     15,63
11:08:03        all     82,03      0,00      2,21      0,00      0,00     15,76
11:08:13        all     86,63      0,00      2,21      0,00      0,00     11,16
11:08:23        all     85,14      0,00      2,44      0,00      0,00     12,42
11:08:33        all     81,66      0,00      2,71      0,00      0,00     15,63
11:08:43        all     82,55      0,00      2,01      0,00      0,00     15,45
11:08:53        all     89,70      0,00      2,30      0,00      0,00      8,00
11:09:03        all     81,93      0,00      1,81      0,00      0,00     16,27
11:09:13        all     82,61      0,00      2,01      0,00      0,00     15,38
11:09:23        all     87,18      0,00      2,52      0,00      0,00     10,29
11:09:33        all     85,73      0,00      2,01      0,00      0,00     12,26
11:09:43        all     82,45      0,00      2,21      0,00      0,00     15,35
11:09:53        all     80,60      0,00      3,02      0,00      0,00     16,38
11:10:03        all     96,29      0,00      3,71      0,00      0,00      0,00
11:10:13        all     96,79      0,00      3,21      0,00      0,00      0,00
11:10:23        all     96,86      0,00      3,14      0,00      0,00      0,00
11:10:33        all     96,98      0,00      3,02      0,00      0,00      0,00
11:10:43        all     96,69      0,00      3,31      0,00      0,00      0,00
11:10:53        all     97,09      0,00      2,91      0,00      0,00      0,00
11:11:03        all     97,20      0,00      2,80      0,00      0,00      0,00
11:11:13        all     97,49      0,00      2,51      0,00      0,00      0,00
11:11:23        all     97,17      0,00      2,83      0,00      0,00      0,00
11:11:33        all     97,49      0,00      2,51      0,00      0,00      0,00
11:11:43        all     97,80      0,00      2,20      0,00      0,00      0,00
11:11:53        all     97,49      0,00      2,51      0,00      0,00      0,00
11:12:03        all     96,89      0,00      3,11      0,00      0,00      0,00
11:12:13        all     96,99      0,00      3,01      0,00      0,00      0,00
11:12:23        all     97,47      0,00      2,53      0,00      0,00      0,00
11:12:33        all     97,79      0,00      2,21      0,00      0,00      0,00
11:12:43        all     97,29      0,00      2,71      0,00      0,00      0,00
11:12:53        all     97,59      0,00      2,41      0,00      0,00      0,00
11:13:03        all     97,49      0,00      2,51      0,00      0,00      0,00
11:13:13        all     97,69      0,00      2,31      0,00      0,00      0,00
11:13:23        all     97,57      0,00      2,43      0,00      0,00      0,00
11:13:33        all     98,00      0,00      2,00      0,00      0,00      0,00
11:13:43        all     97,89      0,00      2,11      0,00      0,00      0,00
11:13:53        all     97,89      0,00      2,11      0,00      0,00      0,00
11:14:03        all     97,99      0,00      2,01      0,00      0,00      0,00
11:14:13        all     98,40      0,00      1,60      0,00      0,00      0,00
11:14:23        all     98,00      0,00      2,00      0,00      0,00      0,00
11:14:33        all     98,09      0,00      1,91      0,00      0,00      0,00
11:14:43        all     98,29      0,00      1,71      0,00      0,00      0,00
11:14:53        all     98,10      0,00      1,90      0,00      0,00      0,00
11:15:03        all     98,09      0,00      1,91      0,00      0,00      0,00
11:15:13        all     97,99      0,00      2,01      0,00      0,00      0,00
11:15:24        all     98,14      0,00      1,86      0,00      0,00      0,00
11:15:34        all     97,89      0,00      2,11      0,00      0,00      0,00
11:15:44        all     98,09      0,00      1,91      0,00      0,00      0,00
11:15:54        all     31,33      0,00      0,90      0,00      0,00     67,77
11:16:04        all      0,50      0,00      0,40      0,00      0,00     99,10
11:16:14        all      0,90      0,00      0,40      0,00      0,00     98,70
11:16:24        all      1,20      0,00      0,60      0,00      0,00     98,19
11:16:34        all      0,53      0,00      0,74      0,00      0,00     98,73
11:16:44        all      0,40      0,00      0,30      0,00      0,00     99,30
11:16:54        all      1,10      0,00      0,50      0,00      0,00     98,40
11:17:04        all      0,60      0,00      0,40      0,00      0,00     99,00
11:17:14        all      0,40      0,00      0,30      0,00      0,00     99,30
11:17:24        all      0,80      0,00      0,60      0,00      0,00     98,60
11:17:34        all      1,26      0,00      0,74      0,00      0,00     98,00
11:17:44        all      0,50      0,00      0,30      0,00      0,00     99,20
11:17:54        all      0,50      0,00      0,40      0,00      0,00     99,10
11:18:04        all      1,31      0,00      0,50      0,00      0,00     98,19
11:18:14        all      0,40      0,00      0,40      0,00      0,00     99,20
11:18:24        all      0,40      0,00      0,40      0,00      0,00     99,20
11:18:34        all      1,47      0,00      1,05      0,00      0,00     97,48
11:18:44        all      0,80      0,00      0,70      0,00      0,00     98,50
11:18:54        all      0,50      0,00      0,30      0,00      0,00     99,20
11:19:04        all      0,40      0,00      0,40      0,00      0,00     99,20
11:19:14        all      1,20      0,00      0,70      0,00      0,00     98,09
11:19:24        all      0,50      0,00      0,30      0,00      0,00     99,20
11:19:34        all      0,63      0,00      0,53      0,00      0,00     98,84
11:19:44        all      1,00      0,00      0,50      0,00      0,00     98,49
11:19:54        all      0,60      0,00      0,40      0,00      0,00     99,00
11:20:04        all      0,80      0,00      0,50      0,00      0,00     98,70
11:20:14        all      0,30      0,00      0,40      0,00      0,00     99,30
11:20:24        all      1,20      0,00      0,60      0,00      0,00     98,19
11:20:34        all      0,74      0,00      0,74      0,00      0,00     98,52
11:20:44        all      0,50      0,00      0,40      0,00      0,00     99,10
11:20:54        all      0,60      0,00      0,40      0,00      0,00     99,00
11:21:04        all      1,00      0,00      0,50      0,00      0,00     98,49
11:21:14        all      0,50      0,00      0,40      0,00      0,00     99,10
11:21:24        all      0,60      0,00      0,40      0,00      0,00     99,00
11:21:34        all      0,95      0,00      0,74      0,00      0,00     98,31
11:21:44        all      1,00      0,00      0,70      0,00      0,00     98,29
11:21:54        all      0,50      0,00      0,30      0,00      0,00     99,20
11:22:04        all      0,60      0,00      0,40      0,00      0,00     99,00
11:22:14        all      0,60      0,00      0,40      0,00      0,00     99,00
11:22:24        all      1,30      0,00      0,50      0,00      0,00     98,20
11:22:34        all      0,63      0,00      0,63      0,00      0,00     98,73
11:22:44        all      0,40      0,00      0,30      0,00      0,00     99,30
11:22:54        all      0,60      0,00      0,50      0,00      0,00     98,90
11:23:04        all      0,70      0,00      0,50      0,00      0,00     98,79
11:23:14        all      0,40      0,00      0,30      0,00      0,00     99,30
11:23:24        all     26,75      0,00      1,10      0,00      0,00     72,14
11:23:34        all     33,79      0,00      1,58      0,00      0,00     64,63
11:23:44        all      0,70      0,00      0,50      0,00      0,00     98,80
11:23:54        all      0,40      0,00      0,30      0,00      0,00     99,30
11:24:04        all      1,20      0,00      0,70      0,00      0,00     98,10
11:24:14        all      0,60      0,00      0,30      0,00      0,00     99,10
11:24:24        all      0,60      0,00      0,40      0,00      0,00     99,00
11:24:34        all      0,63      0,00      0,63      0,00      0,00     98,74
11:24:44        all      0,50      0,00      0,50      0,00      0,00     99,00
11:24:54        all      0,40      0,00      0,30      0,00      0,00     99,30
11:25:04        all      0,30      0,00      0,30      0,00      0,00     99,40
11:25:14        all      0,50      0,00      0,50      0,00      0,00     99,00
11:25:24        all      0,60      0,00      0,40      0,00      0,00     99,00
11:25:34        all      0,53      0,00      0,42      0,00      0,00     99,05
11:25:44        all      0,50      0,00      0,40      0,00      0,00     99,10
11:25:54        all      0,60      0,00      0,30      0,00      0,00     99,10
11:26:04        all      0,40      0,00      0,30      0,00      0,00     99,30
11:26:14        all      0,40      0,00      0,60      0,00      0,00     99,00
11:26:24        all      0,70      0,00      0,40      0,00      0,00     98,90
11:26:34        all      1,26      0,00      0,84      0,00      0,00     97,91
11:26:44        all      0,30      0,00      0,30      0,00      0,00     99,40
11:26:54        all      0,50      0,00      0,40      0,00      0,00     99,10
11:27:04        all      0,70      0,00      0,50      0,00      0,00     98,80
11:27:14        all      1,00      0,00      0,50      0,00      0,00     98,50
11:27:24        all      0,50      0,00      0,40      0,00      0,00     99,10
11:27:34        all      0,84      0,00      0,63      0,00      0,00     98,53
11:27:44        all      1,00      0,00      0,50      0,00      0,00     98,49
11:27:54        all      0,40      0,00      0,40      0,00      0,00     99,20
11:28:04        all      0,50      0,00      0,30      0,00      0,00     99,20
11:28:14        all      0,50      0,00      0,40      0,00      0,00     99,10
11:28:24        all      1,20      0,00      0,50      0,00      0,00     98,29
11:28:34        all      0,63      0,00      0,53      0,00      0,00     98,84
11:28:44        all      0,50      0,00      0,60      0,00      0,00     98,90
11:28:54        all      0,50      0,00      0,40      0,00      0,00     99,10
11:29:04        all      0,70      0,00      0,30      0,00      0,00     99,00
11:29:14        all      0,90      0,00      0,60      0,00      0,00     98,50
11:29:24        all      0,60      0,00      0,40      0,00      0,00     99,00
11:29:34        all      0,94      0,00      0,84      0,00      0,00     98,22
11:29:44        all      0,80      0,00      0,60      0,00      0,00     98,60
11:29:54        all      0,50      0,00      0,50      0,00      0,00     99,00
11:30:04        all      0,80      0,00      0,70      0,00      0,00     98,49
11:30:14        all      0,70      0,00      0,50      0,00      0,00     98,80
11:30:24        all      0,70      0,00      0,50      0,00      0,00     98,80
17:07:06        all     11,34      0,00      0,67      0,00      0,00     87,99
17:07:08        all      0,00      0,00      0,61      0,00      0,00     99,39
Media:          all     15,32      0,00      0,77      0,00      0,00     83,91

10:55:19          tps      rtps      wtps   bread/s   bwrtn/s
10:55:29         0,90      0,00      0,90      0,00      9,82
10:55:39         0,20      0,00      0,20      0,00      1,60
10:55:49         0,10      0,00      0,10      0,00      2,40
10:55:59         1,91      0,00      1,91      0,00     50,45
10:56:09         0,00      0,00      0,00      0,00      0,00
10:56:19         0,00      0,00      0,00      0,00      0,00
10:56:29         0,50      0,00      0,50      0,00      9,05
10:57:03         0,86      0,00      0,86      0,00     18,64
10:57:13         0,21      0,00      0,21      0,00      9,21
10:57:23         0,10      0,00      0,10      0,00      4,01
10:57:33         0,50      0,00      0,50      0,00      7,42
10:57:43         0,30      0,00      0,30      0,00      3,21
10:57:53         0,20      0,00      0,20      0,00     17,71
10:58:03         1,50      0,00      1,50      0,00     21,44
10:58:13         0,10      0,00      0,10      0,00      3,36
10:58:23         0,30      0,00      0,30      0,00      2,41
10:58:33         1,30      0,00      1,30      0,00     41,62
10:58:43         0,30      0,00      0,30      0,00      3,21
10:58:53         0,20      0,00      0,20      0,00      1,60
10:59:03         0,50      0,00      0,50      0,00      7,23
10:59:13         0,21      0,00      0,21      0,00     17,59
10:59:23         0,00      0,00      0,00      0,00      0,00
10:59:33         1,50      0,00      1,50      0,00     15,85
10:59:43         0,40      0,00      0,40      0,00      3,21
10:59:53         0,10      0,00      0,10      0,00     17,65
11:00:03         0,70      0,00      0,70      0,00     11,14
11:00:13         0,31      0,00      0,31      0,00      3,35
11:00:23         0,10      0,00      0,10      0,00      0,80
11:00:33         1,40      0,00      1,40      0,00     34,03
11:00:43         0,60      0,00      0,60      0,00      4,81
11:00:53         0,00      0,00      0,00      0,00      0,00
11:01:03         0,90      0,00      0,90      0,00     12,41
11:01:13         0,10      0,00      0,10      0,00     17,55
11:01:23         0,30      0,00      0,30      0,00      2,40
11:01:33         1,00      0,00      1,00      0,00     12,01
11:01:43         0,50      0,00      0,50      0,00      4,81
11:01:53         0,10      0,00      0,10      0,00     17,65
11:02:03         1,20      0,00      1,20      0,00     20,34
11:02:13         0,00      0,00      0,00      0,00      0,00
11:02:23         0,00      0,00      0,00      0,00      0,00
11:02:33         0,80      0,00      0,80      0,00     29,73
11:02:43         0,20      0,00      0,20      0,00      2,40
11:02:53         0,30      0,00      0,30      0,00      3,21
11:03:03         0,40      0,00      0,40      0,00      7,72
11:03:13         0,21      0,00      0,21      0,00     19,27
11:03:23         0,40      0,00      0,40      0,00      4,82
11:03:33         0,91      0,00      0,91      0,00     10,90
11:03:43         0,00      0,00      0,00      0,00      0,00
11:03:53         0,60      0,00      0,60      0,00     20,84
11:04:03         1,71      0,00      1,71      0,00     27,78
11:04:13         0,00      0,00      0,00      0,00      0,00
11:04:23         0,00      0,00      0,00      0,00      0,00
11:04:33         1,20      0,00      1,20      0,00     34,30
11:04:43         0,00      0,00      0,00      0,00      0,00
11:04:53         0,20      0,00      0,20      0,00      2,41
11:05:03         1,00      0,00      1,00      0,00     16,05
11:05:13         0,20      0,00      0,20      0,00     17,71
11:05:23         0,21      0,00      0,21      0,00      6,20
11:05:33         1,00      0,00      1,00      0,00     16,87
11:05:43         0,00      0,00      0,00      0,00      0,00
11:05:53         0,50      0,00      0,50      0,00     20,04
11:06:03         0,70      0,00      0,70      0,00     11,43
11:06:13         0,00      0,00      0,00      0,00      0,00
11:06:23         0,00      0,00      0,00      0,00      0,00
11:06:33         0,70      0,00      0,70      0,00     26,03
11:06:43         0,00      0,00      0,00      0,00      0,00
11:06:53         0,20      0,00      0,20      0,00      3,21
11:07:03         1,10      0,00      1,10      0,00     16,80
11:07:13         0,20      0,00      0,20      0,00     17,69
11:07:23         0,00      0,00      0,00      0,00      0,00
11:07:33         0,60      0,00      0,60      0,00     13,76
11:07:43         0,00      0,00      0,00      0,00      0,00
11:07:53         0,40      0,00      0,40      0,00     20,04
11:08:03         0,90      0,00      0,90      0,00     12,75
11:08:13         0,00      0,00      0,00      0,00      0,00
11:08:23         0,11      0,00      0,11      0,00      1,70
11:08:33         0,50      0,00      0,50      0,00     23,25
11:08:43         0,20      0,00      0,20      0,00      2,51
11:08:53         0,40      0,00      0,40      0,00      4,80
11:09:03         1,31      0,00      1,31      0,00     18,57
11:09:13         0,30      0,00      0,30      0,00     19,30
11:09:23         0,00      0,00      0,00      0,00      0,00
11:09:33         0,40      0,00      0,40      0,00      7,44
11:09:43         0,00      0,00      0,00      0,00      0,00
11:09:53         0,60      0,00      0,60      0,00     21,71
11:10:03         0,40      0,00      0,40      0,00      7,52
11:10:13         0,00      0,00      0,00      0,00      0,00
11:10:23         0,31      0,00      0,31      0,00      5,86
11:10:33         2,21      0,00      2,21      0,00     59,10
11:10:43         0,00      0,00      0,00      0,00      0,00
11:10:53         0,10      0,00      0,10      0,00      1,60
11:11:03         0,60      0,00      0,60      0,00      6,40
11:11:13         0,20      0,00      0,20      0,00     18,47
11:11:23         0,00      0,00      0,00      0,00      0,00
11:11:33         1,00      0,00      1,00      0,00     17,23
11:11:43         0,20      0,00      0,20      0,00      2,30
11:11:53         0,40      0,00      0,40      0,00     18,44
11:12:03         0,70      0,00      0,70      0,00      9,93
11:12:13         0,30      0,00      0,30      0,00      4,81
11:12:23         0,00      0,00      0,00      0,00      0,00
11:12:33         0,50      0,00      0,50      0,00     23,52
11:12:43         0,40      0,00      0,40      0,00      5,13
11:12:53         0,30      0,00      0,30      0,00      4,02
11:13:03         0,40      0,00      0,40      0,00      7,22
11:13:13         0,10      0,00      0,10      0,00     16,87
11:13:23         0,32      0,00      0,32      0,00      5,91
11:13:33         0,40      0,00      0,40      0,00      4,91
11:13:43         0,00      0,00      0,00      0,00      0,00
11:13:53         0,70      0,00      0,70      0,00     24,10
11:14:03         0,60      0,00      0,60      0,00      8,84
11:14:13         0,00      0,00      0,00      0,00      0,00
11:14:23         0,00      0,00      0,00      0,00      0,00
11:14:33         1,20      0,00      1,20      0,00     31,63
11:14:43         0,00      0,00      0,00      0,00      0,00
11:14:53         0,10      0,00      0,10      0,00      1,60
11:15:03         1,20      0,00      1,20      0,00     21,77
11:15:13         0,30      0,00      0,30      0,00     19,30
11:15:24         0,00      0,00      0,00      0,00      0,00
11:15:34         0,60      0,00      0,60      0,00      9,64
11:15:44         0,20      0,00      0,20      0,00      2,41
11:15:54         0,30      0,00      0,30      0,00     19,18
11:16:04         1,90      0,00      1,90      0,00     28,06
11:16:14         0,40      0,00      0,40      0,00      4,01
11:16:24         0,10      0,00      0,10      0,00      0,80
11:16:34         0,32      0,00      0,32      0,00     22,28
11:16:44         0,10      0,00      0,10      0,00      3,21
11:16:54         0,40      0,00      0,40      0,00      3,51
11:17:04         1,00      0,00      1,00      0,00     16,85
11:17:14         0,10      0,00      0,10      0,00     17,64
11:17:24         0,20      0,00      0,20      0,00      4,01
11:17:34         0,42      0,00      0,42      0,00      5,04
11:17:44         0,00      0,00      0,00      0,00      0,00
11:17:54         0,20      0,00      0,20      0,00     19,26
11:18:04         1,10      0,00      1,10      0,00     19,58
11:18:14         0,00      0,00      0,00      0,00      0,00
11:18:24         0,00      0,00      0,00      0,00      0,00
11:18:34         0,52      0,00      0,52      0,00     26,00
11:18:44         0,30      0,00      0,30      0,00      3,91
11:18:54         0,00      0,00      0,00      0,00      0,00
11:19:04         0,80      0,00      0,80      0,00     14,91
11:19:14         0,20      0,00      0,20      0,00     18,47
11:19:24         0,00      0,00      0,00      0,00      0,00
11:19:34         0,74      0,00      0,74      0,00      6,00
11:19:44         0,50      0,00      0,50      0,00      5,22
11:19:54         0,10      0,00      0,10      0,00     17,65
11:20:04         0,60      0,00      0,60      0,00     12,83
11:20:14         0,30      0,00      0,30      0,00      3,21
11:20:24         0,10      0,00      0,10      0,00      0,80
11:20:34         0,84      0,00      0,84      0,00     31,01
11:20:44         0,00      0,00      0,00      0,00      0,00
11:20:54         0,60      0,00      0,60      0,00      6,92
11:21:04         1,20      0,00      1,20      0,00     19,48
11:21:14         0,10      0,00      0,10      0,00     16,80
11:21:24         0,10      0,00      0,10      0,00      1,60
11:21:34         0,74      0,00      0,74      0,00      8,67
11:21:44         0,20      0,00      0,20      0,00      3,61
11:21:54         0,10      0,00      0,10      0,00     17,64
11:22:04         1,00      0,00      1,00      0,00     19,32
11:22:14         0,20      0,00      0,20      0,00      1,60
11:22:24         0,00      0,00      0,00      0,00      0,00
11:22:34         0,74      0,00      0,74      0,00     22,36
11:22:44         0,20      0,00      0,20      0,00      4,81
11:22:54         0,00      0,00      0,00      0,00      0,00
11:23:04         1,91      0,00      1,91      0,00     32,06
11:23:14         0,30      0,00      0,30      0,00     20,04
11:23:24         0,00      0,00      0,00      0,00      0,00
11:23:34         0,53      0,00      0,53      0,00      7,47
11:23:44         0,20      0,00      0,20      0,00      3,21
11:23:54         0,20      0,00      0,20      0,00     17,65
11:24:04         1,30      0,00      1,30      0,00     24,65
11:24:14         0,30      0,00      0,30      0,00      4,81
11:24:24         0,00      0,00      0,00      0,00      0,00
11:24:34         2,10      0,00      2,10      0,00     55,09
11:24:44         0,40      0,00      0,40      0,00      4,80
11:24:54         0,00      0,00      0,00      0,00      0,00
11:25:04         0,30      0,00      0,30      0,00      2,41
11:25:14         0,40      0,00      0,40      0,00     20,84
11:25:24         0,00      0,00      0,00      0,00      0,00
11:25:34         0,21      0,00      0,21      0,00      4,42
11:25:44         0,20      0,00      0,20      0,00      2,40
11:25:54         0,40      0,00      0,40      0,00     20,06
11:26:04         0,70      0,00      0,70      0,00     11,32
11:26:14         0,10      0,00      0,10      0,00      2,40
11:26:24         0,00      0,00      0,00      0,00      0,00
11:26:34         0,84      0,00      0,84      0,00     29,53
11:26:44         0,10      0,00      0,10      0,00      2,41
11:26:54         0,10      0,00      0,10      0,00      0,80
11:27:04         0,60      0,00      0,60      0,00     11,91
11:27:14         0,40      0,00      0,40      0,00     20,06
11:27:24         0,00      0,00      0,00      0,00      0,00
11:27:34         0,11      0,00      0,11      0,00      0,84
11:27:44         0,60      0,00      0,60      0,00      6,73
11:27:54         0,20      0,00      0,20      0,00     19,24
11:28:04         0,30      0,00      0,30      0,00      7,12
11:28:14         0,40      0,00      0,40      0,00      5,62
11:28:24         0,20      0,00      0,20      0,00      2,41
11:28:34         0,21      0,00      0,21      0,00     18,80
11:28:44         0,10      0,00      0,10      0,00      2,40
11:28:54         0,30      0,00      0,30      0,00      3,21
11:29:04         0,80      0,00      0,80      0,00     15,23
11:29:14         0,70      0,00      0,70      0,00     25,88
11:29:24         0,00      0,00      0,00      0,00      0,00
11:29:34         0,63      0,00      0,63      0,00      9,34
11:29:44         0,30      0,00      0,30      0,00      4,01
11:29:54         0,30      0,00      0,30      0,00     20,74
11:30:04         0,50      0,00      0,50      0,00     12,06
11:30:14         0,50      0,00      0,50      0,00      8,02
11:30:24         0,10      0,00      0,10      0,00      0,80
17:07:06         0,38      0,00      0,38      0,07      6,51
17:07:08         0,00      0,00      0,00      0,00      0,00
Media:           0,39      0,00      0,39      0,06      6,86
